513626729
921635822
1181035628
1099496055
663702160
1183907852
535931275
1205787516
403955163
665737554
933543697
1002374870
556419419
605079331
441909190
1226655220
1297419012
1139121765
793658773
1068333318
311211665
1028922463
696405543
926141518
942332172
1234642276
999416282
1266381480
362459701
1055683582
405464825
732300818
689339794
1228999136
1205691562
1122173594
536333554
348717460
663409281
392365864
858444637
436780015
750154029
1153637290
1245096462
487871759
1187662121
1232317761
544910862
600964759
1163801405
490395534
588247841
316716636
765830402
339619141
654732155
1015176041
988744841
403666642
941733518
1152633024
894776697
478354387
783653109
519652942
922410409
1078944305
523270380
827373637
440434987
1072047049
609904457
972186863
606907980
764097366
691242276
830280424
347134599
712380941
1005356366
366091643
1081661426
357926002
1023403892
573220880
984005086
556963618
1017159091
1096165532
740917201
695215562
449896486
1035704015
657804487
638348825
588088214
929358400
455136627
697822805
441833586
523655744
420891503
1296245407
1274045218
1186116030
1035543485
390119771
340914402
524669067
451816691
1208508223
650179454
585615053
427535241
1066847379
744809870
489696801
614820292
844620572
1235661762
889456419
1190005803
890248884
1012311029
581256924
519323071
628761133
452501062
1155858372
373640336
1016903254
324215181
884824413
559163678
852333672
547645559
457717413
381921098
368075116
1259803443
1066457087
1061950664
1132521053
567829947
1220013796
650905236
608864207
636775510
744873113
711489539
1045439551
917924008
1259081754
748690166
753387756
652763864
1303748608
548420255
1175762413
329716091
846006313
1031967166
598217753
353039239
663769982
421459585
1256736239
1049250745
542105254
1042576070
940911148
326423814
797009677
1016509328
1085709934
392946152
1085656701
1065234652
970144142
729272262
447873864
1288435166
920396817
477503973
1009172261
756688026
760479276
450459585
505911435
823958257
1151475166
596104940
1256109651
924078191
741035890
857493536
1224208651
758737409
411574585
648320130
1120299129
627475391
658883278
800012192
368562531
1069596057
711539845
374565403
312490738
819600999
456982509
1058114629
396557185
451175883
699061528
877361556
1249804123
699459633
1151663701
348438201
467813963
337003225
914789206
673260121
1149334360
326462744
324052515
1180875373
1261921144
617256356
397651997
1189248013
460266818
1132649763
804621500
841081059
1159956807
1035224868
633424256
1237598103
437805841
776391491
791558742
401242527
676891684
340678524
1219975184
1280362746
1315727906
1027578308
1091563140
719522823
1320467819
964501818
1160186611
1134397950
1104222426
780325552
657490926
1265856823
706247489
966471014
556772354
643241068
1304329042
1063324498
459325838
640791261
595583209
700019932
926063368
732638683
1146924622
498545293
516378746
1285427541
1170114213
767336631
847997069
1030801008
371095742
345515158
482991582
850053186
564210264
581735285
743374198
498438407
489604894
1044248651
1254337660
1299099006
1017642095
1021989896
1029943805
820397661
767715970
1061326188
1041781544
468195461
1133679352
437887431
1074592281
1287899805
1278414719
666658334
906647972
490071099
1030381544
439349712
717176293
1039296499
1009669505
345813129
1150875434
344968935
1325508829
575619717
381240981
421111415
781163527
342537620
774019188
554717571
1178732517
936226248
1290885137
633648219
911892512
1069311328
812472873
418619590
1207884166
683713588
862275470
1276136148
917078036
316698157
560267915
735939426
1154188872
701823419
920591563
582442163
1272934528
812833443
435927618
679620213
604867889
1298965924
692117653
1057566835
1197003627
348994566
807610681
455062853
1022799546
760845912
1288879796
1070562419
944562257
475868607
589763066
1275554475
674222863
442160025
419070828
968130879
1027244155
1172863491
1141837503
428401471
819734076
986336482
1107626460
1107094884
1301124771
346287678
727262621
967515316
737789215
590595056
1067355797
1239682277
587460449
454977670
975860922
878223948
370238109
698872625
378467298
642528553
825924148
1080747584
806391516
1254651076
451339649
1012524866
1219260800
633097337
798127895
650165538
383573409
563293754
961502194
495772860
880610449
354484741
908639722
459930908
1055901226
1219418746
1256728882
1200924859
738337811
431869615
1205175718
910380539
923816026
897507894
642115281
796173162
1132854185
902121651
439344155
1272288906
1127259101
1284629272
823607774
746359005
1184174721
1276370407
848779464
927266385
556035531
1242907663
1236457941
994093549
525502407
750368475
1107723573
762419680
493478194
434489355
716477244
1054378723
850226647
1214580712
1072895958
1180908946
730525580
1254181081
1271568763
745627951
852417891
334592349
1130364233
733484234
1094504384
756696139
990458865
364971725
1023738395
1262171714
417666479
1112299250
657498772
1071100171
1269790021
732189169
896972429
416437087
610039123
1098721533
415798996
661864083
1161150775
735305844
1156119516
1275927099
640660074
709755538
580568038
1072484363
829557628
562465857
1052343729
1062590329
1101286642
749470225
1235463182
420658974
818369349
1055644625
831703275
1287024993
1067911926
496750914
920886267
917287001
881551578
730374223
826803906
547524074
600566308
1251856220
483615720
1066161259
354353344
748639160
367534838
568882398
497605994
565728687
642696750
1310825243
1213440579
1159229380
425132326
440900212
443643763
737252422
1303908251
604128100
946732980
909525493
1160589015
1173827328
567982494
824380428
1202978861
905714499
1225390060
900870764
629163836
397195314
381198854
430132785
1204782662
1310772410
935639288
792205571
1194629324
421129419
1186340292
844339016
900404029
982087859
749275526
1272210329
481819257
1318025835
1310043356
418119320
513895585
1075426188
709830630
1025834618
516173616
301224668
1051677866
639365056
755638171
813679361
453059610
1026649115
1194204583
378529518
976376515
610886181
974604767
912132389
762967966
941044120
1249321554
943236384
805841824
839701834
663469525
884033937
1211106118
614928163
1057740014
909481839
1141791708
850542898
1226201974
1006830213
717457864
726543111
1035349417
533334861
1283188601
1057272891
925306547
1237841680
773241589
669042685
392634080
937166574
1272863300
1250590522
437989811
847708155
862286353
619928230
1038109643
606982962
795900893
799644765
959832668
1014139537
916123404
1040897978
587064739
1017854226
597435381
387650933
716176240
1220070339
557941575
729386763
530139210
1103238190
1266121647
998906855
1264041716
897840858
579190702
1042952287
472904150
1271011517
341408706
1005939479
1046689558
1011988782
1236072251
627939527
1157721623
941239749
1050121376
342069638
745294362
705762316
1132724994
1138372872
1018586316
420522116
819224532
1084586523
943325831
1134053246
1109955451
897477400
1183781802
541946308
556712167
1208602246
928481795
584223431
672558888
1015576125
479175536
646534972
1188480540
1297230337
549268610
1244851468
403484639
867059701
447598038
541924443
549057844
403836411
356852187
759541778
358627230
1161430657
385362957
1200923642
389648184
631199775
368709379
929763274
515885964
1032037789
1187605853
1185433617
386089432
574802040
733625440
904109420
956121628
568623419
1284159663
328613950
414221482
903825343
879279197
473715321
911423413
1096183632
884766784
533797742
906668647
594028390
1160769885
649797349
770965030
1081458996
776441181
822984517
318319555
804936129
549080635
518987187
1296139488
631978206
446212718
506795934
1140406809
444835041
1248697103
705327047
706409149
722089900
916932166
486967300
900665693
564718195
1209085127
811225735
502303991
689248461
1222345948
336215046
645526526
886576212
1186451554
1122057177
837886037
1067103004
1009762314
1137122420
1090181403
1058790575
1133040719
585120834
799647542
723119113
378474834
330432040
475232210
484688191
574469951
1213146244
326673154
1002560028
1171152993
1077462333
879792702
402165346
1130538458
1087767061
1252519618
921745891
590824088
764194870
1019303731
692391626
551235574
1187367577
725700796
1214077804
1049691943
815642228
897076570
1287255677
1070173239
640308132
1094029148
679775253
611798563
700778452
805241667
827986734
820401959
640959186
966238740
600295576
966150871
429511126
703759631
1127731976
804228969
575533090
1253781564
525344562
1111074779
1270369359
356591983
985974831
1276574062
958108976
950012556
726410577
1033011431
1064875119
612981432
644970791
936071758
621150115
777701187
585993009
1189587075
780357933
718698562
633569276
352158387
810128289
581543737
950762207
960572439
1281811174
1161746688
421196197
788533262
502637419
934692667
1301057952
1145009495
431388374
409658013
696223766
496864647
925574863
1017308666
575778983
1043203989
451598905
363170698
886421946
793654973
593963199
738474376
1105998355
995201969
341214777
637746436
942787557
457444380
328255827
529044883
957150469
1024190391
436998949
1072097821
764840481
931416178
609656380
1177066910
1208531529
424866270
392842375
710092618
936944271
824862960
1036720506
716943072
1264579639
1203215805
794054882
794599401
556998216
578056722
1221363985
1059508685
1293074010
1090041247
667224665
683846201
1145045216
1051083958
1072645786
1196439997
1018816838
898949416
774212493
852721876
523169499
960028416
390972134
351667568
1201619604
354897688
898124640
645941629
738926477
1113897870
813813509
973732303
1150359787
734861827
588863685
849228119
686642716
978630977
1296551192
523082196
482564816
687529087
689959679
1069219832
1128445937
990169861
948368388
1226170163
1076768418
425724646
949714784
809902672
1071376795
416893143
968022823
635485925
628148593
419979873
528742073
742234676
427107041
634907538
702467642
339263269
474813146
940793097
1092996310
1067466655
336239267
394975915
1037517015
1069337372
395785059
697392873
1248946282
694235436
816544066
398522153
1017176926
774010814
801597098
652873044
1034160533
909606256
328458313
369603836
495040428
576141237
1087167396
358318893
419751481
1252708184
1241547454
1081530654
716155756
1119463721
1285745299
1088106437
448018923
569011076
766878875
864827620
1107168709
1166810628
668769272
343049809
1192137712
1252835668
1152535595
555910816
1203905258
499935466
1175927806
1010072080
1072369994
1169952869
646356043
530658299
1054273177
774662488
1296979613
339740994
1245862297
449158729
618081909
1283362353
747071085
1193891367
1079142620
411257678
671786383
1146564295
1178478481
970120558
1134482317
942804987
422728890
558798598
652946654
785338476
659169058
929055849
445645549
1187368728
1229824183
488466520
445425578
1103301031
1220422705
1302189666
935004321
944300279
584657421
517898356
625751402
632134888
994761570
398736168
1239617924
635419758
923810938
1105728820
1241903988
1058441638
1282521468
727272173
674895101
634600312
1224875003
621843954
703895116
1097924833
529616191
475297904
455658383
607879140
512839439
550021170
1115309635
1080971786
1227278215
613297006
902943897
1020551016
446878798
618850638
834350329
473376204
1242573039
559186479
944852623
1009380260
416057554
799867396
1277372541
1203115420
715159460
1216458728
670165272
632841233
753179993
1278583562
1135164912
732106338
1248666540
625451424
708213479
319477361
1035547250
987498290
544321260
762054098
401267116
858859784
555780437
410036564
744825774
888777176
848272589
922133856
815646846
1100744323
1271720659
1192483986
1133309671
1100333040
564114084
1304670714
1186745827
545411419
1032057534
345768590
831095465
1084903112
970420270
1291938100
1079734649
542717294
847108689
1269265062
985275170
528498384
962748918
1008614271
1158968498
345585777
1071796437
511640324
1197038396
480490924
755724768
453877426
888012932
767028984
356879406
555732789
368896267
636434932
338254128
970544696
1109179916
1135463154
1169726999
785880975
1297105420
685308127
1294334257
946336778
550420046
815670855
1006572773
934204783
1205293223
1261710458
1175614425
330300789
984742545
816279917
725909063
313108814
666634722
363904265
492512789
540749520
1045741558
687027372
961192651
1053758043
703465745
905092870
1289334426
521338577
835977667
589643520
467572643
1001703753
1094858439
1164603639
719764892
1005564089
989045652
1065224063
981583709
806435078
620761652
583151462
475239702
627344750
516790979
913509935
1131560998
497140749
530806520
610264239
880201934
1044601233
1281503018
977707441
800942843
802609048
1112862987
1260505787
1071587334
460236719
887919529
585922536
613231429
483108621
1203563993
450802084
488060571
584654296
527083554
1148932357
1121844770
360247450
369837522
475214454
382469722
475058258
1288860790
803280464
1229184355
714370969
694511829
1262716539
1130462399
1170685147
1130923568
392676968
964736313
444282097
1052597376
1233848779
1092880277
672012193
1182398932
858113609
490577238
526021769
929301972
404739883
671735190
1020129404
1273885773
1236051063
869877292
900377144
334946468
729809655
732663532
1295929119
1111222853
1257530175
1264210764
1282000067
329099127
520569234
925351920
743992418
672025136
1260584728
1304849972
1057999404
896249777
334687307
949587241
734979097
1225219047
601874998
785621477
801673237
461950627
399067570
750086778
348286975
930314174
684654895
1180245220
665049760
882346702
677546600
390121471
954307547
336127267
502753544
504841751
678324159
959699358
1212296270
1140555754
466156544
957518741
1269957264
1201916133
1118959521
413464443
463044112
575620299
1199666788
1106817210
1166048890
739300398
762960438
1074910682
1082571407
1010195325
674577387
856044572
338801817
611761357
340578346
583152737
1219841996
342182851
906475629
611588608
394053127
802454998
1203892716
1295891903
1058356475
759217145
413366746
794121717
1240001403
895457975
706680674
978270930
805556470
551918877
674253201
363533428
1047189664
921670343
877708998
1041174310
1197235149
330220894
1182397339
366135670
1285681812
624470340
1030499222
707780109
648935869
369562161
1115759991
1032830313
617633726
1276879631
609983755
1129966785
1094517859
859064494
480821166
540590664
1219480432
430519181
983738828
516743216
429205264
488639333
738919431
495000447
345563482
1162078397
597310305
744651925
707577020
1298816830
776316241
532124856
1296332585
479047058
1334306010
925430750
654817246
741302470
835298783
1162861726
901702672
1166762883
385675682
810438206
859510045
1199705718
974228128
627882705
783197734
1001319159
1029134859
1227452237
1024922235
987183223
903406047
491521061
384093727
1145626542
723766376
798530013
580569441
1263549631
869844986
414741237
1272407497
1255798235
979383980
1075769452
1158465625
977422272
590686533
611506484
497447338
400017144
1314011272
539602809
516775134
527738920
944413403
1204626266
850304320
976559358
849370345
1197075889
1027021348
408542290
889282834
1017960773
896782623
901892201
806459742
1214990094
1004423934
798580825
1021935931
858740385
622532078
377920160
680819938
414508071
684013836
773134236
723858036
840376969
607685497
451919662
730236875
505499157
1113700884
981407480
1144409883
1088296783
814324386
1232633072
748632043
913250846
543887861
907559525
719370751
386950364
728646187
499725922
649167592
335437530
797029572
952564835
510697931
911649433
522362584
989639052
1233645450
711018709
343666209
424828869
937851291
958199479
1322403583
349520374
495561846
1151415481
389426971
356539501
334182009
427405106
987377999
511618530
993799342
589357817
559323769
513307763
1173033208
834719577
996180273
1036279380
1035221717
1122385095
1043833850
779424771
407423674
560914810
887069005
569470265
926654422
824495118
419218575
1174576721
1039667306
898023895
1197975976
468564404
816962779
1175695816
732288092
1265455055
346679510
1000373867
731317075
630832750
1220955817
353893528
641930302
586162728
783976200
1149934232
375031054
814343232
1210685953
830135007
677641373
568025567
958974542
1000548155
672588953
1289706655
1273312595
1161951033
444942808
1186939559
599170206
731843145
1172462604
913581931
500308965
891967364
799577004
334824807
650055083
475160519
1198861687
983824971
918447104
547576322
1290964669
1047574318
554159657
438651505
740968267
458010824
1045899207
644373700
1040244373
965472340
393200214
1090410689
883404957
608666825
1029865501
572278373
640491443
788813292
532736944
1231806276
1233970191
1066639089
1083404827
538214168
478946815
651777652
1193485085
1061169858
1198382282
363141209
362580388
714520224
671324495
1013830978
974579623
407325603
978699823
654712914
489351980
650370496
1246176282
332196941
953530927
713840166
865687527
1097466356
1109538102
509959878
398323642
1141055099
1243476000
674057385
523463157
611373317
1064313434
375450357
454633095
797451915
328854221
525481860
992971213
1101188509
833929978
590813399
1023874238
704480870
819202597
1189528280
772985008
890074618
598844082
658653851
589768817
565213279
1308864225
780315487
780222690
761012178
1309471813
685226087
640043624
1003772813
469903681
1167113095
553705190
490579578
1249617095
1055001665
1162336299
1096428186
1014665685
1176952978
1294364014
614680357
362548402
604726953
564533926
969802513
974471785
580333974
453681115
489148756
1257003474
884832056
592444515
436151776
401477790
548292158
977559436
743251743
1075888458
451503654
375410741
829584004
1124263363
666092876
753770035
376517172
1009843604
1284522246
1166816773
911523852
417390799
634490439
1179481562
449681348
339635983
584258899
643380818
1175331044
1113193351
1055201396
1076464319
1291134216
450789550
931199598
1035691096
1250442617
609924149
955922023
1267725088
848430429
588988286
476302723
1154402056
1039934324
474961463
1329110318
479641658
664130526
668362603
412448021
640903464
775236856
838241367
655960245
766978249
715161104
734212123
589200381
723214877
918437167
554187301
638602233
1241749170
913888997
350293574
915605289
868512994
651179613
652942563
1252054842
1312053797
871072993
1045004143
1284423960
941748721
626874723
615445038
700430707
707495259
1151237790
381600267
1276989792
1319252904
365997294
345105079
358319208
944619097
681335257
636711523
718988961
1033299955
492510699
785090966
841956963
483706437
1189630284
1090156309
462776932
1082060259
428380794
1248876770
683170026
1028228605
364502447
612236137
1128256640
677320867
718183056
399118711
1175896898
1005168697
643418055
342830370
777475347
697787659
347140335
816340940
669568260
1199577488
1163537366
1107694740
834311317
435758232
1180583127
917397106
663519292
377252586
694554952
745968575
410982709
1140297644
1034157113
1234841829
902837566
360964561
771873390
415682480
1215678559
1176894040
1260324623
793703186
752361611
1170300055
983367503
1189465035
431200257
453856106
1078733213
1217384073
531854657
1158191999
786310044
1253990930
784327599
896496818
775537964
1141490197
1199248182
967132958
1209610807
1294187578
856869543
396477574
649742064
1056279720
909071599
1174127882
385489723
694711075
1210327428
507162734
1222159588
417027249
482637012
801310413
740952723
776927115
837899759
1236469020
776468800
770225394
926627154
670913115
1193824950
881689164
1068723689
651602825
465715019
987681620
402532736
670296606
1184582698
645827960
871279590
660520174
729305817
1306653082
618808321
702164476
442085096
1034928802
451117928
437586359
926654326
601779108
371462647
996173067
328794938
1275587576
1014627807
343341604
1285182447
1272590519
723074960
1051016576
887178794
454892449
1032263139
470968465
705371115
546498075
712260837
560809384
809266736
1173860321
819456181
1001171404
903366677
1319544382
1030461776
457143751
924118900
1080280263
492669513
779959303
1256159791
1183337824
1151383296
1038751473
1063608398
948184168
1105808101
942246840
1229479765
646163278
1037623753
701427407
753628331
362308569
641236212
997883728
806659640
655952386
1074087053
537426593
774743926
537663561
925549653
630915937
1272958847
657000928
893980353
1198616908
828982824
545505851
773727597
1131837320
1158148486
1309028455
706800837
612679683
1114811441
532199283
902963611
444102869
909129941
857463396
474662603
568532001
306487855
1135425541
345696583
1213007548
866396699
398381095
982344641
599496044
507455394
944866199
693310908
714793508
1053811672
1056131532
864755686
444610574
645856149
1031352348
524022268
938630482
1303577980
458518867
366207895
1011590600
776506602
1250028925
1007142946
983699760
488760901
850215810
569626300
824020584
697851427
971235654
795600485
833932155
924135116
911049278
564145398
331594680
401795818
634009721
1166169156
513940315
1033270730
1125205681
650200567
783661171
526328595
912787557
1180465151
649226860
466794985
706142034
631841824
559343192
1043952895
559620443
861334183
764421435
1287594167
1269209245
1121264403
931778128
407018011
1082235843
585032743
803863586
634961420
509876201
1245973660
969846888
682395286
653924429
315752460
925068683
1218669781
895886917
738279442
1272167974
933625772
1118254799
1145816486
755421892
373980890
768949097
1232967528
906871939
1191515335
397629026
929405192
1159466169
1162839859
870134771
343373805
1009729978
1036233460
386338484
809288573
439117105
522573351
1217213416
630996601
1277138239
1309071494
390657970
1172995886
343555938
896807712
676291366
1150107262
1160622413
1238036530
937519847
534368289
585944263
547898250
943021061
1286412327
1220032423
328615738
838247593
499861503
1314409313
1218279359
366678925
886716787
792420226
456272527
999520523
1151364811
960669341
740921374
441912406
839741898
792535061
1141990901
334908104
831217911
471316701
447795873
796644498
693566713
669180689
905139257
326896757
1172515453
1140327108
904053648
471974277
857884098
1002888921
899929852
741908460
430814569
1236512793
453280758
899433330
580805790
712780289
345988042
871004394
1091053435
698842181
451415039
1247831941
1185547245
587633715
884580538
1044279997
753953785
1309268545
722405035
646341136
469570633
1136086896
580579184
1214558913
1146519935
760186034
752621226
778426445
1255786260
517541674
905243560
806610922
373080998
1059860217
1000471458
312294054
824025424
976685227
731869399
353175764
1013910776
1024628018
1084784485
1188468698
830209977
976985122
1034500150
363135071
525068795
627929638
1134476809
357643064
326347988
812104776
753691381
365291572
1078518565
583996857
706662773
1230835390
735021369
619651835
1227018168
1235511876
699748452
1284437873
328987993
582374271
876004286
1255111401
1129638724
896276583
1173492643
1031667540
1034604676
356053294
1233241381
687996907
723469217
367441356
919441623
571108788
1063344946
826240655
684605430
1141999301
558632616
1035964621
839221853
991216451
840883496
558485174
709312738
1227314929
931686343
1254345324
636437860
641053683
1036820875
503526058
472186946
646458545
672239271
732214917
1201029969
323266385
1217732552
1222234766
602666878
1271255288
1298037061
1258591975
631606029
619616440
572929665
766573893
773593785
792957524
1294443167
731267960
317859605
1229299915
811712246
969303286
1093499515
422041108
1166150184
362995463
372457504
1049041299
380731089
921635819
1188343873
1005105491
1266948842
534811140
547724854
1025025566
749999567
547439633
593936191
1210146022
568005035
367691329
447920989
1083589710
1161725424
1089031125
1044792348
846861120
535640937
1277965684
626988694
775238491
1111365318
1192414160
515314852
1075677313
536709620
565106192
361775308
978555712
1142591064
1154865780
429590235
391853731
652468745
1191427470
421991181
853076927
1064425527
1014307179
1257821095
913338491
1109213316
420825926
1218417153
825898122
1071247737
1270662721
327043114
477965935
386826080
684344315
787733475
424295795
548456592
513360056
746817835
1187194475
635808218
1254581861
1027869053
580063543
1288667626
403207637
728288099
1289122379
1214956783
378084832
1277740087
536356167
603665361
947341169
1084397046
1039808129
1164985118
368010319
1152333006
455903772
1309974438
1023316812
426701713
1263934054
359248585
422568805
496898036
1211018346
357627986
1136668335
552656265
1229409115
871251106
1110402834
519390452
703065760
367647022
1242470648
657795686
895265424
1152274777
390820855
1042930721
1313772929
656874920
1231416997
1047090134
1181406713
487078734
1249739213
849938819
681827423
686836596
500578111
719895475
965897588
586584957
557891824
513885924
474932446
974763128
704915874
1060519625
1042744850
993897639
391032678
420885513
1038798901
799548326
656110518
1277833811
937549659
472380623
901561892
418432346
875576395
1174807740
1181577158
795286259
1300179184
1023050084
621937452
833199470
368593386
1017706446
915608350
431724031
631014795
1182370067
1278266182
370091607
558473352
614945773
515834568
776568741
1087307359
871090119
359472181
1327773943
1122774267
528370633
651152555
1094215279
606509464
1088165552
365655100
911742603
1117104198
1266096391
862983482
450387748
518121240
426231994
1161182280
572606026
851159968
831542504
1299744773
579205518
1161442594
384269781
480094919
454386633
957418629
584388613
1268131861
782628753
771214937
599212518
1274910613
1319646469
1093365589
349043887
1277457080
864931605
584961908
1075709194
653636019
453513947
1176542228
935008909
1289730125
341425639
1157850557
1110627457
426206113
861637936
1318630690
411406580
693854210
339462299
536787165
1082787698
805034836
1212852251
783552236
1274714158
1262914266
938955490
436571695
675723085
492103079
1276977558
1272741932
777244763
526721484
1033356456
1302457122
1209775915
948373142
406071689
633577856
920984153
601381173
1180529958
484136126
307539571
727193082
473852589
826621665
1018160761
537776504
695650999
765665515
812666173
564772875
439578810
333563057
904062310
340698823
1242212229
822027541
669133635
430527698
1092772990
779730791
1230334683
522505848
738221541
1002666445
915029145
746555238
580500418
1117644549
845306578
839024405
495840345
535920392
1295447726
1219159507
1225174850
820478509
1212028131
983009531
755859849
867623513
532673181
1058730211
1282528975
1220408284
564264832
1051168744
509152925
862441306
785684797
451478213
920132543
1189964902
1334734210
754866966
747669732
1138078200
1048204791
665723159
1228179230
343861745
608538649
765184847
1244783339
1088552817
774915511
473819725
649916195
478307817
450706620
573397305
777972032
1263819935
574056919
445988095
1138037647
1307244720
961612509
439864016
958473583
1223128837
520065691
960463497
1246311805
1115076817
1176981468
1034044899
1044149806
1150888836
515394420
354984792
1216439863
448815091
1192456837
931402006
840899732
744973372
1003093003
1186763110
812475450
448992397
372607797
356779886
870295963
527875051
1133822013
810517834
970562190
793834206
644297605
1274874461
1095696459
1163892013
1256678336
1076884889
677999697
1270023748
603625562
1211559011
926101621
1258312863
607408121
666090632
1010849986
1304857957
798511303
1058794422
624852542
1022377953
553476256
510228574
948143964
906233980
1260286398
324529777
614756319
502743296
502198790
487089370
380569066
354593247
570874209
795268117
875474175
815525326
1312062013
650035191
1190234398
626164344
1113633211
448339993
497344698
740258356
648825036
944316842
377675836
630196266
859082437
572367213
929578303
547618756
752538418
391686054
959776598
462890491
928581911
608567181
715020310
375294050
1022023084
672318211
793085665
988499238
1210508920
1296798707
631809001
858221111
777524933
332944372
600673287
347439800
820162486
656848696
733120459
923691679
652594620
625405238
963883503
724100645
407588300
695743525
1274700731
768486503
1088463854
1172665082
1282328435
465313206
737062457
1155057528
1012992424
462953326
1298949078
389906020
795637623
1056012571
1206312607
743994021
412684000
781967336
881448759
934934410
700466638
398504456
486900622
522274535
734747933
1234517239
854041369
577912350
886583564
713603333
969569097
1057619890
672460981
1289935078
1062612837
804210617
368588383
466580749
423400896
327528055
363248471
952664832
797646625
1180839606
589084489
866171452
763922472
1008330229
981901975
948944456
1061521812
1297018452
1150574150
1235429869
1153144520
644102007
538378965
871317214
694801965
493935816
1323579257
876885584
1281456681
544772122
862177198
380130017
1149987408
1077195887
900897377
433611339
360266789
982860429
847164488
1026244102
952197470
456713347
1086760492
1304083229
530120174
1061294075
1124730050
955120776
751670391
545731965
587437717
663634664
658252604
876791471
679889880
1038585950
502498481
487140554
630682027
773758775
493967325
531901010
834093833
1201748880
685908096
703981412
453346668
1004091789
795171842
437410881
1019600939
417274653
1004468273
619581152
782336684
896586971
611383006
876690166
357438748
1209371151
1049019542
1243272159
1215457817
474962837
493308916
731247776
1119420701
683444901
1076386345
362302178
907824651
684733032
718854605
1174222093
497800409
490025050
1032403187
565261915
1132112297
648670159
890684606
1302217470
1092272892
312314988
1257822755
618719410
378663090
1235058815
1140481211
1040010722
591920615
518438814
978122716
749875748
569714872
1101160409
815044565
1265575140
760704583
837963474
603623551
700453868
565382363
874929676
933399185
386248362
1186829022
1274116452
963017402
1213031872
1105005760
483329839
469267125
549051375
1297164997
914579346
761394548
539497819
488320394
1083583429
649606692
1166898322
1107799488
392985059
1297771154
1170337597
1285099302
451664379
1193183084
413774869
412781094
430103646
699742271
333962895
542102852
1225880125
924597365
388381429
596155259
636240963
1255434731
886291381
614609791
365016252
437987434
1120364235
1219453440
699976834
616870641
1013671567
696048395
342610720
758208960
809044784
1008854302
1313770533
974337805
1268334326
1201441186
1078316218
1147858735
1269473405
347458293
1013085421
667084219
332862240
788650554
1252512399
907637496
380684606
1132484591
480447767
973991876
1173714102
379111506
771777538
692485385
1163810977
378859335
653926327
710409674
346432732
808229568
955712145
1154016778
737675333
867128716
1229178429
948446078
1285047311
808487006
1179850126
706763766
718370416
497227633
350307664
1230213225
469577428
500335282
626521658
1131895045
310666965
578476285
1055396578
1230268181
967992842
434148993
407696846
510754406
600814795
1255040823
1175514855
795708958
508246769
1164252120
800861640
750723270
1226545694
1242869496
1206621954
1025281398
1041580180
976566439
491574944
1222784462
895927255
714018250
732932141
466739326
977505813
729255080
630420594
681313137
538539167
344778920
994032168
979739262
1052638442
320849773
1069705908
512295878
721588218
427266734
882123652
613251880
1307801886
1018043123
337150549
673965348
1054988541
1006170454
1037696909
430038174
856976937
717765387
700992536
1257393919
775392184
950148700
430721292
640301279
566310302
887852049
1105106430
1029936367
1082659404
1219907096
305377838
385573636
1207061294
902968492
615388530
1101174259
1240077566
853621347
412934236
968212532
693557286
1291111596
531457775
344357175
618271582
394599517
434392982
1138055360
1049423722
345042754
766827800
620807990
1244128118
398251506
447843245
508527805
589706992
532544997
1053160251
923088352
699787849
881156196
1174099372
859869966
1192295269
1125099851
636255118
574133350
520194914
393531160
482145141
555440874
684529823
682060426
823587622
340566001
659242511
499369135
568003078
1316865230
1136976912
1298950709
960192723
1311724076
334137517
986974770
507637101
298810184
300765101
783441150
528204932
608404293
659970857
461477388
886567153
787456369
1098859912
399558740
1113373363
739604858
1244634760
601754710
606176213
1016356180
819874744
418998379
676070912
383412105
1296401073
902845420
983814249
550413377
687290338
1029283207
1066747395
1290590365
1199882744
798728256
1150149097
952651770
352942563
572114359
1063643110
644919267
1099628777
838914786
805460217
993177784
446913914
1104245465
818734684
1327660803
628556014
565227044
1110371636
1161402855
1324134908
837382707
378528533
1249335804
593867060
1286744564
683346554
960728931
460511255
973838968
393822414
789938017
978516669
432328003
1307502991
776287310
1115883891
787020182
467817148
1184914775
338379655
763088990
856050712
1071988772
505683438
483668207
531098363
818150806
759615049
675323643
710555549
500879341
830796731
659084789
709598999
732688536
390795551
1292068113
579144351
1150994067
597868636
1255749711
1318993015
967440382
1102937718
879518728
755491478
642753596
594070592
662047654
557246216
902459234
1193595544
387709672
719709045
676808345
594271081
1304189694
395855678
1135395233
1239310632
960426316
956590074
708628077
371739644
1272541666
1003664322
1216453004
1218221908
985026432
1040305439
378474004
1235639544
1249912347
1297838816
657503892
375047156
906178543
1016991720
455529151
710070717
1290230255
1114493306
725838765
433694583
584442979
656221583
919411828
767012678
365780501
377289009
1049628701
390713594
503575421
329278748
388592327
1237724556
1088072517
537388046
389892831
1000047854
594344811
597912103
1019618657
1263143863
416909087
341451568
463112382
615351170
1330179361
795701759
1286756387
376201693
397081494
665583120
698868074
808257557
1165972703
1268278590
782748173
556800189
764054062
1000523103
339699057
669220816
1091202205
704552798
354458475
1087507722
468700381
541900003
362283454
447566603
1255582300
735421899
818172874
686989885
647330506
1193326379
1229244474
875683691
819404711
661723355
530058321
385693896
535754707
735450363
1092598814
708907511
608295669
458693941
726930642
403547019
770711830
1057158070
552911897
581717026
881263259
1050645722
721795942
736858654
493469898
1034712116
400028201
1002354259
733110397
917615071
652651603
445640362
1276702028
585367543
894536466
887337321
1178833015
451537579
840388440
989823426
431782324
375609453
378459521
682009733
1212940850
1255782284
749033461
897117250
1152926123
635715061
386129218
1119728825
645021975
944410721
1205293262
333416122
1096257515
635769829
330123498
1233042961
1089788895
910077439
347336763
1098972670
447064456
810466741
1173681087
382786429
582197443
798537109
535739154
1138315814
942577937
1106528912
1247439971
504432986
817729907
1058907182
1175973202
1252762181
640623878
586536859
407584796
342915056
331441425
1125827581
798594548
1161318588
665605089
869800891
551859087
482331642
796844496
741379481
1187336571
1131555549
1143482146
1260275332
1293282349
1209794697
413353040
985215053
383580312
1187592257
621233291
926453631
1118269023
667265567
1095394244
946430337
589615019
842290660
329492383
725841505
1076187186
1295413305
706124859
1057799075
666531624
1219871917
573707357
478845722
325771348
355945663
435348499
1014763806
987110042
1098874478
1013256984
714381656
430750912
529213371
495388061
1127005320
408611879
1187320324
920370331
724824589
778751992
538416667
1294476507
736652903
653447544
1026863530
1007494100
603556292
841257664
702999234
415270580
1032320582
778888877
633904012
539373124
985869998
965900383
667057145
1164800601
563690605
1065869080
1162868717
1011081478
1036973145
757720903
872399578
858527149
732870478
374244688
1072084908
740357376
1058310078
592502171
1320821994
1266776318
530400513
1045771637
720132803
654237295
729321856
963336309
1294916476
739257480
967845327
602497244
449053108
966363633
1254307919
437291868
609533628
912482969
969769052
1018323862
779820442
1028789711
1287970284
1023511291
991509295
753154909
1295477311
866031507
1157670944
641818752
1123066169
1276061492
919723107
1213717677
1330084779
550858428
404044343
359116327
939049664
439048850
615861773
1239473520
907256937
354197405
383075776
739715825
1273933766
1008793706
444018836
600642183
747624382
611348494
1076815293
716302557
965270059
342311549
1234594814
507586120
408001556
902088936
1153039315
822407847
1318794295
1085415427
553284563
388391247
784798255
587475214
393096267
465260852
961051188
734742128
1107936043
709308152
968008973
537250220
344053526
1215384596
946623377
1289604156
1287136859
805639158
1098367165
1024274520
1094780477
550937294
389636694
985568178
507582342
1231225218
778696921
1058035841
487551542
775691336
626530714
362749825
994482925
518581271
576561097
1214547603
805741131
343132663
1004086558
833899924
368413122
1116187579
536964432
708469852
488546806
1099725702
921250723
440148865
889513472
927549405
696018089
874825729
896824839
816578433
329410768
906811708
608169580
1096361916
703347456
658445462
771551574
1028307490
898902926
970025938
1095477455
518400650
1209270531
