1675962335
1375707628
1063404667
1294332562
1263750634
1685545080
1334329662
836216085
1163975063
919266664
1677048330
1047350122
1595458016
1486754065
1310370731
1228162810
1163875763
1414712231
849134228
1508707027
1750534922
1615794013
895906079
850209380
1519318673
1053768230
1385766657
1375467795
1076817276
1449997327
1164633626
1131109775
1421773031
892311106
945988598
1282363257
999827317
850264981
1082797540
1685209288
1521056519
1455206777
801696809
1759532337
1274687734
1281417174
1441448671
1343350766
1120273112
1661190383
906960051
1714771500
1597028480
1546266968
1786663680
935908403
1543008244
1196869568
1028140322
1231802208
1629508209
1227806902
875060717
1666995007
1707393786
1544962705
1048031503
1299609588
1271527521
1435047188
1619384256
1678862612
1110641091
1070999058
1303371579
1225436465
1122274297
1607737114
1276840537
1509180232
1086309606
957859988
1358875938
1458353867
1393978882
893390513
1733411997
1255090326
1093028022
1569890924
1094735388
1078716053
1377378928
1390085280
920554513
831982446
1679550368
1711723280
1170882747
1095316379
1294737229
820742758
1167394500
1416798686
1115494855
1232732752
1097906299
1549395027
1084033009
1699250931
1489382439
963346549
1557118402
1219727452
1255919118
1070577134
1085801536
1146050804
1596293802
1170395492
1535383379
1630781757
1337241430
1187531729
1283429592
934375841
912512524
1043458308
1620480000
1390905932
1648516779
798895650
1713399038
1145996349
1668455106
1223184480
1410077315
1170047382
1299551553
1672043629
975373527
990599370
1717759874
1614435036
1542013734
1237417584
1540690279
1148455289
1692269362
1738627167
1134218056
1753839092
1088684099
869996996
1005044236
1349841738
1601463240
1673345771
1596843427
1293886063
1516196415
1072420630
935789748
1393525083
1352596751
1340356385
1509611232
981751662
949591823
984082944
1149701366
1639383162
896984349
1471895856
802892900
1642239052
1190679473
1366739138
1049384303
852039181
1070327712
1605294138
1415091186
1756125645
1711105687
915048647
1135280526
1474026756
1478912214
1187943118
854622888
998854018
1023253736
1700534198
1743674007
1431630765
1264330299
1233654334
985853905
1695557922
1356268113
1617497897
858011342
1702444235
1780423321
1644090179
1030695351
1585874051
1299000245
1652351470
1495049624
1281847214
1060833309
1673185710
1784915068
1033870894
1601667656
814921070
1629696527
1435802050
878195488
1666248231
1233318593
1506056512
845225238
991404544
1527965481
1474350927
850956770
1291401184
1637203740
938784874
1508890716
905011643
1510459038
1114186073
1283280610
1233138561
1134171181
1493165907
1585393585
1032241537
1487631807
867482295
1531220814
1314352848
1393607705
1635583956
1191546640
1308134609
1023368911
1234629191
1412762060
1147911872
1530064694
1108404771
1212666770
1454633828
1691077143
965146029
1748452304
991846574
968593011
1451024861
1755564415
1220665637
1639730091
917969852
1506231758
1050733379
1602528681
1429507852
1379721216
1359818023
853854785
1006897790
1070888988
1697133404
1785081713
895932322
891220214
1487763591
1553777203
1240799455
1428595597
1764347297
1720949980
968967075
1643690843
1708131280
1599385307
1210925861
1225932462
1068065805
826721435
1668614400
834943736
979765845
1441244356
1676062405
1604155596
1676640635
1028869657
1393618559
1053122103
1584383064
1315202762
1267170123
1058991222
1426589706
1504018994
1596804912
1703252637
1066123573
1207745765
1582813348
1668764528
1399827718
919065296
1331762809
1786118650
1658173324
1537622966
1573996175
1784736650
862030354
1616408771
1070590326
1304290414
1116573734
1491190336
1100404837
1054221725
802323354
1110471639
899584852
1061659932
1025694629
1533697578
825466904
1475596798
826661652
1247183568
1462477615
1528982104
1514055002
1753727914
1366634447
1759792628
959886967
949413825
885774595
1080164640
1433509338
1745936404
1299061026
1385150003
1472851248
1237977464
1172802518
1742428901
1745190783
1160367887
1155093173
1590174912
1727685492
1360944707
1733684935
830834519
899304337
1431339572
1662649169
1622065450
1570813634
1447840409
994741773
1376081024
983966882
1382579902
1553019790
1187386229
1755289646
804140126
1659565490
1446057737
1700245650
1534058848
1626630150
806945884
1635839446
1458386138
1311943793
974702251
860811642
829662965
1707153256
1179214439
1342236261
1725316796
1019969062
1467438624
1475155414
1186092578
945543611
1742129306
814340863
1379570624
1462115108
1469501678
1601751526
1433331641
1690559388
1434793168
1693611358
1684297373
924839947
1419423451
857264862
837535188
900574725
1003147641
1468902393
980256206
1182824198
1549827461
844322404
1520897126
817339262
1586609106
1289030616
1081820275
1116758007
1003146032
1187751406
920142700
814649221
1062271161
828141734
1523036997
1776094994
1066261564
982740208
912655968
1275058436
1541563213
1028300609
1293500219
1112231354
910458469
1615965069
1593433429
1397090197
922438584
1021691805
907950711
1667792013
1574475901
1775769600
1122708541
1333753383
1225186423
1404214320
1241022670
1023492829
1591177941
1164387162
907606367
1231081996
1037561612
822047038
1381809371
961308759
1577879962
1453306559
1741569346
1641217623
1524770662
883632239
1308976977
1647592925
838644913
1026553882
820371965
999586379
1619024845
1551260251
1781184267
1035589101
869995659
1631087681
1184745035
1356521444
1166040911
1324217179
962601420
862638747
841584154
1242540607
1728588268
1166194989
955141955
1693079057
1299756351
1670176669
879388750
975309211
1602505496
1738932463
1356493857
1405456915
1474813441
1680286639
1764266074
1288892618
1346991921
1671573454
1181349108
1087676930
905831491
1602032389
923274354
1444077506
1612917081
861313434
1427684057
1595398579
1654177885
1525297368
1659996353
1415459157
1738584839
812482648
1331188365
1067749192
844470536
1241998663
1486323029
1224780406
1783063986
1419500216
1553564242
1781749341
970392127
843535771
1129528637
1775288443
1208258035
1230135776
935240013
1599182304
1114852719
1360136914
1307865277
1048360443
1363864297
1665604666
1193204429
1172574884
1567325147
911600063
808348892
1471041341
1458214981
1377918797
1521141671
1524819105
1263848250
1518363931
1262454381
1094024058
984409483
841032079
1679327984
1652784460
1331440436
1207603969
1037337133
1653477924
835208559
1333040695
1347012956
1739679763
846719715
904824988
1714749537
1750112121
829444822
1529266527
1510563764
1455114024
1759306626
1771202873
1451252860
1656618777
1733780805
931898860
1199140921
1620376486
1497213761
1413640517
1155802478
1275286155
1622071838
1566795490
1649126513
864470856
953001512
1407303593
1203463897
1297700939
1359968637
923472154
1557733124
1273921282
1145074531
1714933859
912930453
950437629
1371811407
1299285479
1459111202
1017632433
1463124930
1056288001
1211542107
1654473053
992044656
1720594269
1734534890
1708033166
877984121
1722348050
1081712125
1238163269
1108756733
1800069049
1642166513
822436251
1689521145
836361655
1235177948
1226768733
1515276341
1602260412
1661678913
1377418189
1481642364
1002298716
843861023
1015373515
1710412958
1181760554
1242692966
868977152
796664640
1191003393
919731821
1280539311
1264489967
1536588287
1126847005
874792185
1745087610
1732749880
823342508
1173465679
1295713812
1345531195
1293171536
1471725533
1788177433
1486863704
1198302730
1391998752
900193431
1261222192
999740734
1549843643
993544397
1231194163
868027348
1504439757
1473474485
1661673856
880327934
1453900433
964998918
1484019287
1506828270
1554815447
960994107
1352294533
1124983507
1493491798
1408332126
1292736569
1209572344
1562556745
1726263149
1312009753
1376305075
888939138
1212008496
1509631252
1392559689
1339610327
1110628191
1538154698
889898706
1246455335
1595437945
842852837
1666868360
1260509854
1615578914
1477137313
903091626
1073436609
1442146646
1623176720
1020634186
1189987710
1013744917
994402336
1522202237
989599199
1334855603
1170398677
957510882
1521616526
1202092720
1390248990
1191421643
1658988510
1257639047
879074227
892752001
1726478035
1290695372
893997034
1153289402
979804773
1024416149
1778446583
813976209
955925126
1313813655
1679205126
958428160
1072877872
1182194649
903263803
1704400546
1612693719
1704574181
1771741910
1594021101
1326152110
936777164
1727791478
937503921
1123595755
1501921222
1211172789
1149606609
855904278
1068089366
1326531943
1244442157
1198268688
1730174391
957493346
1760805819
1016357799
1566339013
1356567061
1198570094
1004652867
1599804975
932228509
829600419
1368555917
1048572392
1753044769
870772197
1375795380
1441720322
1752976712
1206431403
1114065760
1671721277
1108400783
1116859442
932034330
1778857942
1162285445
948112338
1451734631
807555610
1541425126
1623110523
1048357818
1565788679
1356346253
1252160552
924083036
1214957297
1307502039
1203006576
1529262979
1013042717
1522356275
1253971725
1132200491
1374559620
1040929750
968818543
1704347175
827478930
1497582086
1126469773
964263892
1170168124
793265679
1226110260
1129867409
1761134379
1679735898
1152605626
1609605774
943344862
1711443868
1278501810
1470643436
1351551547
1168733165
823110728
1660855097
1499325647
837340533
1295348401
1355623852
843675557
1056699686
1247109020
1784564106
1409408967
972648674
937659250
1284495901
1130819018
1006293996
1283590596
1409608428
1435748133
1282589638
1002392978
874998701
1690605077
1020083505
1607818632
1095061098
1737747074
1050062424
912772471
901905617
1737531219
1297796690
1465923828
1731545953
863363307
1505379501
1589943678
1723833301
1030403691
1528884291
1574697700
1414959023
977347698
1061786140
1630406640
1053093742
1589793149
1072217654
848729849
1051370813
1115372043
1427580560
1609054283
1517915363
1237714382
1616006194
1574978056
1441382915
1764172179
1391310876
1771914782
1219368971
1700997359
1350181878
1558330064
1142606543
805286531
1069189683
943880717
1106306692
1575814368
1183615423
1027159663
1263137204
1336402570
1660951952
1230632150
901975384
1710509977
1663197858
1225994535
1154996776
1468438510
1153841691
1289535032
1214322037
1015206607
1540463064
1799721519
1152993721
1555023793
1095887053
858623568
1500920747
1093578313
1231378649
825373964
917409766
898970325
1706710337
990468458
1237257469
1445109819
1631404541
1688310119
1188296294
842833900
1334904757
946477094
948045057
1367110143
1558493328
1783336462
1083599229
857630065
1014353712
945463973
1472408130
994284172
1078632555
1226543439
945225114
1485044962
1009989335
837734934
1070035222
1440795497
1457575475
908904409
1685599881
1581978500
897767475
1482808744
829558227
1795891744
1015215634
1651248858
1278497704
1577713924
908041304
1538064942
1578729518
1475653201
1083300604
1709450621
1004382676
1763491662
826295063
992527605
1386911795
1386347257
955360666
1135586382
1652262754
1027176451
1121999900
1032641157
1787735979
1008257455
1156774724
1717127791
850043752
945776703
1460093818
1279605707
1288771945
833661009
1583943429
1715703577
1383905732
901676138
1692307568
1248642159
852548251
1418920187
1354681273
1050522843
1378232356
810352517
1086462998
1215916011
1527862737
1596243847
960322829
1420139922
1755600776
1457836223
891898401
1203144833
1609741107
936567224
1479407132
992957775
890833516
1299718375
1183995891
1205021134
1007926800
959192507
1019963193
1169033305
1696663147
1528581043
1299414756
1081951455
1341925559
922464650
1028572450
1128122488
1164418683
1392090407
1136129495
1674562534
1133388687
1077019416
1536364917
1194871465
1387833903
931138670
1073107010
924082501
1558443551
1354508731
1786247333
1128574314
1604897217
1737371983
1560632219
1776118433
1685150684
1139577528
1763071076
1657570650
1530203454
820295064
1035578086
1154268130
1297285742
814473125
1259595777
1510497176
1277514877
1612610030
1404676063
1185413678
1084500783
1512747475
835693960
1580271299
1056614827
1194464941
1445394262
1139004884
1458145523
854057949
938889611
1204245338
1191765249
870262073
1381674066
1599880741
1041732918
1182246994
1748010985
1013831430
904992813
1241482432
1303391094
1092003927
1532625795
1674696783
1628180232
826295348
1498402555
1218296299
1371896867
1035669220
969688401
1463740695
1618003498
1696619093
1119507691
1033820145
856549701
1243727378
1140352604
1485101929
1083636717
1636899491
1688277522
927199934
1068226009
1114740664
1659112507
1734880337
1060098557
1212180389
1295542384
1600056714
1633973096
1618093281
1431531494
1805791153
1130292104
1395984131
1566502519
1441961006
960062001
847385671
1019085855
876717439
1489344459
1469729346
947040391
1235968213
1608212893
873236302
1530856961
934789173
1188686806
992485009
980650349
1720154903
1565631848
1012780381
1369682697
860147245
1330686550
1416548192
1630390092
892626941
1220683345
1254097468
1177689323
1017450870
1163688238
950144963
831386777
1646172979
1216864250
866057609
1129355306
817998090
1167534411
914209151
1572264447
1006416354
1084390326
1016615404
1332359311
1680634987
842593918
1365653765
1402509267
1327846345
1632138819
822072218
1485210357
907271281
1125909890
1543394509
1131027632
1049112488
931668099
1104914314
1200009288
865011764
1003244937
1441490413
864578027
1382974368
1276883681
1210299731
1658150898
1692933607
932095488
1406857176
813545447
1479511360
1708292418
1629308735
1157797267
1419956112
1020966409
1269271764
1691863119
1135913369
1068675238
1770984234
1663621792
1085402419
1461545712
1233312592
1644199305
1553498634
1383668215
1722016294
1364390236
1581697228
1134949978
1283580489
1539920673
1310208077
838103598
1711564752
1362743919
998095540
1616863358
996059979
1627177974
1255660459
946615377
831481098
1490437337
1453236155
1540038364
1069843331
1079486773
1670590105
1478363854
1101949759
946459203
1015101464
1759079851
1007367277
1492228593
1206910031
1587104692
1485982206
1405982358
1687063749
1272079396
1058386448
1082057669
968131980
1603641842
804891075
1198975898
957373109
1070530401
974712333
1140453537
1477346129
1785581484
1694472402
1423921599
1756793142
1693010515
1252486519
1128331077
973147719
1051103469
1649752811
1700225301
1224742490
1606925799
1082864202
1060890266
1401760569
1787771054
1262415550
1239279586
817513671
1741568334
1241600664
1361779345
1416863185
1541159164
1000270803
1201837657
1692872297
1221248607
1529447048
1385812871
857440379
991484970
1537336759
1132031257
942484534
1070878922
1163957219
848856054
1267165597
917951602
1726536854
1173338736
1416032461
1603775977
1203397975
1039715035
1320477860
1005541839
1495797984
1144308061
1788305110
1460146610
852151924
1119640354
1330630582
1759640354
945181441
1131362548
1551555509
1589921536
1222611865
1683171612
1214620423
1648200754
1039481098
887183444
869939966
1323072375
1574572622
871312729
1769801004
1009462095
1753319270
1788297970
1112938168
1396720753
891348066
1653397503
1558980032
918976637
1658857220
1751338966
894838494
945726782
983213256
1538052357
1272596092
1266361020
1190381888
1265402999
1104569484
1569742352
1780213073
1077692590
1632970955
1066858941
1421549752
1128401767
1171306698
1075229332
1008714327
1003284215
1797536302
904596250
1741296212
1378073032
1756641414
1740897171
841713547
1270605994
1685009430
1736237461
1357696587
849359051
1743157294
860606691
1431286147
812690434
1326209334
1315503811
1376061730
1154292584
1152415429
982845936
874714304
825513094
1569521326
1709020113
1546889803
849316115
1496429413
1459147445
989173740
1289199647
1554072736
1528645169
1570523044
1638179031
1692394451
1212015466
951275744
1061683054
1359980711
914527696
900780576
1416784603
1643461095
945946571
1237300164
1518443057
1409310623
1030859418
1499325039
1540108307
845463453
1321060853
1096296475
1139424566
1102865348
1765753540
1162722345
1309929385
1090850671
1485129011
1264776658
1207040785
1450886355
1519701512
1234028393
1426165149
840690683
1309091555
1523761118
1462419625
1490503184
1019503229
1728231200
1169771402
1595606281
1016324658
1541397915
1719199109
1283582085
1585867706
1240083074
1047845388
1661977163
1768249258
1086717163
1782830721
880819009
1741866113
1580700956
1163169942
1089010580
1240949801
1169902328
1692519535
1198071525
1498934732
1077502926
904283339
1801546455
1062856754
1205510680
1225491287
1406026190
840480003
1697089140
960140366
840924376
1645146579
1070506852
1552079600
991704817
1169281018
1380688908
1063842178
1587324520
1793573061
1291907109
1251061632
1365930150
1611602292
1216510443
1206268255
1498639634
1758231378
1753183998
1426072564
861306157
1642164263
1010903367
1312878030
1106710641
1733858253
1415692292
942567072
839814550
1767046890
989180023
803432631
1250965876
1106052306
1381331795
1733465033
1299843441
801546541
1569056704
985679009
895701444
1283025053
1466536767
838303628
878158321
1516154948
1043585106
1715332178
869915706
1135109595
943824724
1674880821
1060632938
1015882693
1136432241
1703806313
930201350
1711259025
1010561447
1063338908
816865784
1775941346
1678631180
1049821348
1735572250
1224795659
1657803111
872744265
1769050842
1445981914
1718166764
1574082306
1025947458
1775541714
1280889011
1324061244
901219235
1122120783
1660739855
1755411750
933763129
1338177613
1625150404
1597682188
1511583490
1662035834
1273516888
1473494169
1614212772
1330259318
1099893247
1180847055
1226440379
1306343029
1038318845
1688964080
1616265977
1009486979
1739919860
1465420768
1458303634
1556579717
1614456055
801308079
1648522338
1637886274
1440017135
967783845
1730891842
1272139867
1665964721
1501956978
964285784
1289848882
1213252508
1570833733
1073614480
1379908618
1148534364
1355234460
1001212206
1728265048
1583299571
1080161093
1044801272
791690851
921316536
1064789645
1705314727
1537954345
1114507239
1271840943
1204892822
1173623385
1161568182
1027193968
1460001345
1104682162
1068080458
1722134128
1622207695
1043579319
1452210647
1426423096
1771246653
1440621691
989429890
1363325673
1468488335
1272829294
1151787568
1738842499
1704415024
1784912860
799575041
1656669791
1511282769
1123589167
989434391
906637715
1071607915
1061974459
1025582819
1748062835
1431345833
1399474932
982719555
949785926
930380964
1155903282
1250835299
1751103085
895697497
949800523
1557270654
1480432697
1344926695
1522021611
1193822825
1032262447
1734401019
1331631375
1204372582
1703863960
1486141792
967714124
1547375472
1691120143
1609103047
1205367747
1786409294
1435987924
1392587243
1183710605
1035207600
1319789519
1772060947
1675959124
1440716722
1096764268
1385281706
876054568
833060827
1382117825
1325170846
829358055
1713846494
1191382180
883310341
1422523301
920269652
1767812629
1224026744
1352174926
908775752
1456426348
1422124003
911018356
1502640629
1332226900
1542264614
1127742702
821917583
1525200273
1638531710
1443532566
1758622543
1025330861
1233530402
1299021323
1329796945
1141256505
1229772559
1159799870
1638157462
1390890240
1048049310
980887178
1333295485
1074652285
928705144
1729712334
1646561045
1624059089
1636433825
1474866983
1770367729
1202772315
849324338
996626332
1029101562
964777674
1591356985
938075301
817362040
1524927404
1524723896
1510161301
1438684796
1092121135
807632890
1608176622
1287642448
1655845540
1191524504
929484116
1751431756
1411584427
1263068148
1319164854
1176247145
1446878434
1445318454
1536552059
1037712625
1612566018
1557307396
1627933454
1456716832
1255445548
1382481963
1202586144
802906673
1389557135
1512365213
1308079473
1089520304
898102379
1114912682
1570337728
1509522754
1766320311
1000075937
1503946872
1699504323
1769408172
1300885326
1072754387
908011834
1266635044
1113740942
1034519061
1758336248
836400556
1551648384
1155534975
844071820
1722130144
1513336031
1507341638
1333931107
807741619
1475958936
1273749714
1648613609
1246688194
1403060196
1463065897
793293455
1696176783
1731080145
1703240802
1660328344
1675674473
987110018
1083599389
1235409650
1125624375
1274706042
985019990
970719456
1482571837
1665956187
1266794425
1071970772
1367949068
1681331822
1598441812
1096229720
1311197781
1557805451
816056231
1396770356
1455207504
1764016593
1486352514
1635589702
927270590
1083398732
1256443451
1735901798
1621459303
1493288933
1014421485
1206244596
1030539068
1686938729
1628437889
1238512023
924550256
1383275331
1102226251
1645709098
1554508271
1405449195
810317927
1481906565
906106669
1015442082
916635628
1271847636
1134276092
1528153970
1486065498
920650800
1090763682
922496748
1462845575
1188782183
1501988717
1676928871
976453006
1667181550
1279599720
1022625896
876248335
1596489590
1587774583
967415891
1466303608
1644739738
1528578072
1193585558
1715332102
847206001
1731951352
1010627481
1379091412
991216322
955750921
1345182931
1383140824
1281858972
1328859160
1083184742
1311908262
1440877956
1094447016
1138777963
1601872052
1264382457
1427924915
1389869525
800394144
1684322293
1130250649
1672731890
1055601125
980059281
1563942536
1430032083
1213141942
880087758
1084457010
1232470787
1104599020
866913826
1190684656
900038672
1731438160
841519668
1133619161
1790965218
1773514470
1356795091
1735961720
1530602809
924869804
1082314775
1390469414
1138421299
1740354848
1324353800
1574174722
1499570802
1731747965
1518516522
1066309265
1271335370
1105771083
1445566311
1240456373
1675926390
1306258179
1411441830
1711341541
1753102172
1572289676
1780985337
1176903777
1011776983
1400941912
1779468123
1790359017
1135861421
1437779573
867279232
1524327684
886168286
938568308
1106075034
1185102186
890131023
1763593049
811184047
1494016061
1721084818
965822006
1385217079
1248880031
1486920898
1087702751
1190046259
1779044214
1319211790
1091723133
1753473520
1007316639
832316247
1483398256
1342705072
1313173219
1119541588
1562893965
1418553996
1546157974
1669574273
1385648747
957881186
1501003393
1391666023
1510861426
1763457290
1053436129
1508433254
1027658977
1795313707
841366825
898694450
1357819959
1183479665
1051106644
1012569724
889127840
1770829105
1187522624
952920781
1614664558
1083646030
875218592
961721020
1234069520
1369458245
1503034037
1771607487
791432028
794204079
1053252421
966915507
1535451482
805220928
1511622832
1488239411
1040061162
1224159583
1648095634
1099665095
1044772825
1589425205
978396271
1640667349
1561169131
948189816
1429945024
1154100509
1009109119
1287139585
845244161
1779043147
988158211
1268599416
1641501691
1425049970
1173251024
1138391206
1025705166
1373638923
787956456
1174211438
1376999883
1388255953
1656589082
1367894379
1647858139
860510569
1800996133
1493066408
1230382577
1310052416
1793242947
995518939
1268428358
1626838024
1121137010
1512683809
1033559653
1258368221
1408227770
1428534879
1309865610
1731487328
1202193296
1322632949
1195413814
1336072348
1024574445
1190711641
999691632
1210255945
1221771946
1512866587
1325295370
1034897893
1114384613
1496881965
943047803
1674433954
1344203419
1599212318
1399329110
1383345916
1411712872
1287485880
1525374133
1730353766
1297914621
1531748459
1472140714
918170506
1016774777
1035996538
1098024405
909899048
1608279163
806244619
1140627603
839472221
1216721220
1176520517
1192780358
1107705276
1782776136
1518836292
1075580147
923453163
1357236067
1589899773
1045015624
943608810
1023842591
1169468022
1283506993
1491352107
988907258
1761661709
1377008772
1107381516
962874666
1377259725
829514264
1078280303
966811852
1460808340
1290135646
913809123
1798539308
958097189
1170441812
1371153870
877819520
896262560
1209353799
1171235563
963219642
1071241026
1480106680
1045696068
1169224571
1323707221
967412269
862198620
951543436
1299944708
944609247
1340921889
982567415
1008627546
1500996743
1633023828
1304192788
1279068619
868458169
1707212277
1757035587
1669855708
1385966225
1791028633
1392173014
1318546028
1403628400
1686646562
979498688
1789115470
1364913622
1060384478
1706737917
951972728
1272736831
1541404380
1708069155
1204071660
1639482195
1679729598
1466992130
1634385733
954602747
1308744410
1237422270
1025102872
1187642262
872548324
1633773681
1299349717
1731352157
999265927
1766164044
1384881780
1590136115
966632399
1513584881
993272359
1167869558
1645434750
1649861487
1675876115
1783320783
1123783723
904657931
1383868218
878628442
1583507071
1297632630
1400328049
1090140324
899480008
899049902
1252276715
1308037942
1788824362
1584682542
1228831865
1105171027
1705406128
872366396
1737227386
1617644517
1551783292
1235808193
1375317345
1775372448
1797347999
1016395691
1063820892
1760064311
1372370281
1238597506
832943371
1004211961
1764918985
1263834624
1413235959
1375986034
1681056855
1200329576
1250336628
1652850779
902560786
1302741901
1496656853
869021278
1287876117
1161998409
1381297773
1006453584
1423049169
1365581861
1353799770
906244613
1371962776
1225180350
1374328173
1409855081
1045731339
1696451640
1446549596
1475590837
1042734712
813658472
1189691107
1031450321
954169348
1273200313
1734688380
1095286623
1325216052
1458463619
1170880445
1421777930
940797196
1297200901
1252046870
878777073
1719477990
1079182234
1158145703
1012921109
1679986995
1696804145
1550800343
1509363025
953851077
829844854
1425003884
1678662617
1571425058
1475991771
1309413796
1753262035
1560575740
986442531
1511033759
1569539316
1697252374
1481641404
1734989709
1404024861
1038801874
1326150537
1206949289
1474472383
1130999450
1777343326
1068718163
1187932629
1651102049
1384186422
1298314201
829670764
1039982739
1085005303
1502318828
1662483248
1281496158
1632245898
1759639658
1165721614
1223877066
1722739743
1126174247
1529652780
1138617311
1536275294
1766480986
1484881974
1672187153
1728414009
1681348406
1717456897
1742471832
1094403298
819324548
1388961003
1294932491
1680315034
1546091229
1492145004
1647212657
1173033558
1001359337
1667109446
990069623
1276905164
1584785977
1422251918
918643912
1465627034
1427326395
927340190
1386917894
1334253365
951101019
1103605262
1486602906
1000314764
1408166839
1349561526
1221931598
1661169842
1765947717
1774346911
1662145787
1714482981
1408130535
1357427059
1157642719
1219086418
1327499071
1291197065
1430962009
1323047835
833400838
1066428927
803789736
1778023929
1352336941
1117577754
874277692
1200778323
899302537
1427913418
1281831983
812879950
808750865
1743631896
881074464
1224760234
1665522749
1553737815
959609491
1468397909
1472497143
1763982436
1644492910
1470639459
1507717816
1007980608
1330883412
1397601917
1007013163
1739848178
1287141618
1027717947
1544194945
1219198769
1173131884
1694681340
1381818111
1439750620
1164347492
1699364197
1230539082
950448136
1196691462
1039157397
1514908974
1154461029
1158172892
1533128646
1207915174
1165281518
1490440057
1477213301
1628053503
1767427518
1531441467
929626008
1071680517
1218792396
1526221623
1203497476
1395564158
1445363021
1274177315
1458086514
1774040437
1648471373
804526780
1572981750
1456025467
1068907186
822265653
1599181025
1393953179
1705036118
950895363
1606523350
1304329616
1357731207
1224379899
1630703095
1726354590
869245824
853832313
1001583398
1241931018
993913656
1035845513
1526816764
1574868246
1626422913
1179516974
1441284410
798499361
847647096
1171889279
1232295381
947457260
1056192115
856872968
926490713
1616591990
1234876688
1517716302
1238063451
1286015308
1340567887
933751715
1606051597
1224913746
1700437155
1309081178
1537776931
1101670431
1463370228
1735057047
971692654
847797534
1766659262
1111432867
1731536186
1720378394
1216297053
1303675153
1406504282
1766893392
1383379659
812505665
1229565914
1026068012
1321407094
1425514105
1349511001
883122184
1521150353
1252319843
1729316548
1255164641
1436822752
863862684
1054600503
1088624608
1466037030
1376997963
1168707138
1738170907
1307022795
1533541644
1450188696
1673069512
1151992063
818235312
1379492608
1391640177
888804403
1131220154
1002011843
802632924
1670289598
1448710791
1149728501
1111708426
1635437545
1557221467
1730333924
1789839382
1501989249
1269870678
964899612
1104546042
1419206670
857028129
1357521735
986747104
806136979
939010185
1057447670
1258326662
1265795455
868200159
1210496492
895349182
929391952
1046251515
1384693109
1033473403
1504513821
1760551734
1443674247
1534990577
1038764754
1396102190
1662424914
1359851003
983653936
1053455842
1406182378
1310586556
1251345493
1459610654
911906666
1570911317
1284941086
900948151
1661983401
1455987766
1234989447
919214793
886843152
1109335028
1553138940
1246495426
1658228179
1352461010
1701871967
1631832400
1796306028
1756115805
1396665409
1300967072
1664496869
1613781488
1274427806
1096401409
1149430932
1390189522
829577961
965355666
1506764575
949752402
1175069465
1108132031
931036644
1098906224
1776738896
1563381095
1511991080
1227080881
979420297
1132867579
1674038738
1526102423
1757634058
845895103
1740569012
1290499729
1060274474
1554923277
800960440
1613782178
1437227409
980738443
1721847394
884416411
1619991859
1319211895
1165647656
1644612196
1381184782
1004158654
1470635317
1191677708
1136112792
1177743980
1752230109
1254315363
1798387961
1006904401
1676217034
880640030
1221342637
1267047560
921934823
1676849540
899047174
1661337020
1711081164
1178098727
1747629159
1650632421
793557388
1141698618
1111299072
1183514943
1030477665
944772685
1025538772
1136279763
1121318904
1008132365
1212550052
1630243678
1214009858
1602212170
1317296465
1656826662
1218310077
1606003061
1071430800
1562766676
1245391517
807261092
1394662677
1145377146
1407232187
1049481055
1344257182
853748686
1057367668
1478383861
1792194199
1592219053
1127142103
1004902292
1420128021
1768640539
976929045
1431530918
1118695042
1738392703
1647280300
809041006
1077887166
809375857
1700266631
917262564
964791406
1472813333
898321400
1093776754
1588917220
1114735339
1655392670
1701712630
1667425142
1396842826
1064540527
1745741566
1182478772
825072217
1163992750
1208380747
1616227508
1272177446
1064290689
1022217108
865266681
866480507
1624842846
934169189
1126378535
964595646
1620188252
1021229479
1054280222
904521339
1223166976
1092780577
945853673
1149588670
1149488626
1380349239
854551491
1278162607
1304999938
1331842593
1580705201
1537128270
1270879239
1277943825
1214755754
1319855445
1049681287
1497751987
1686469058
1433229515
840777144
972990732
1558551069
1241447712
981225112
1663253541
946175603
1263094488
1731730252
1171067792
1709432190
1677373397
1100552866
1524652313
1234077514
1485657200
1013524864
1807089106
1272315494
939410017
1076529475
1169360662
1437968079
1680137875
1210188737
872343340
1608147196
1260226790
1212516774
1409563424
855943450
1192029726
1725714113
1336026336
1034588450
1601703615
1121755407
1695467032
1266285884
997038459
1661378603
1149389862
1276584605
1346189845
1733763199
1286537771
1033205403
1730500416
993932526
1458619609
1186129413
1224675827
1374501904
1308040697
854320016
1213771501
1659210889
918360141
1427814035
1173957183
846980106
833163768
1191979109
1257886380
1432824236
837528329
1614156509
1511694923
986605198
1096156656
854184844
899573893
1765189405
1575728342
1677245105
1241191810
1186299473
1722357909
1142050302
1538466449
1179132224
1234246663
1183229029
1758909475
1784800658
941911386
1163461838
1723745207
1049602544
1779337043
1609030420
917773681
1022838451
1115542271
1407640093
1248266700
1627397802
1041561074
1418052911
1658116678
1321745816
1141495402
947550393
813624544
791473496
945661958
949193281
1673558203
892880250
1164494662
1373775085
1232208631
1098586209
1643741888
1125850190
1294959683
1162559201
1727168497
898009599
1799474238
1109651163
1483248632
1230487064
1398681204
1146462115
1602613992
1439506255
1692368835
1715193161
1656273382
1238996937
1631185127
1130340428
1496264435
1476946619
1213776100
1244762538
984508825
1500152026
1060764586
1776444237
940232571
831950723
1487563074
1691693645
1024904082
1454609243
1674511964
1551984408
1523873260
1560649787
1453558893
1174363068
1529522859
1081326348
1560524428
1393709407
1444387547
1556947215
1137048720
1447716293
1770101891
1532239453
1443931742
1537377979
1575201221
878656351
842878271
1113239634
909620845
1318842906
1732287045
974069027
1639904922
827238800
1611546754
1144743888
1027874633
1675544576
1280773977
799387683
1494394571
1301911796
1794498771
1417983407
1716045857
850568314
1187976585
950525422
882418936
1222755999
1360301355
1035342254
1283970297
974744195
1176782528
1749037360
1795165048
1616492995
1058660548
834141485
994624635
833157135
1126608237
970697939
1724775243
971438899
1566861993
1177932046
1170190323
1377695828
804787457
1038593915
1664084714
936700629
1368224660
1722726587
1750492346
885073612
1053401021
1137310051
935509150
1245841010
1730037607
1113887089
1084435232
1340251476
1438884029
843162221
1237449428
1039760366
891208773
1429118235
1147169422
1365990674
1338632101
1277710443
1340158162
1212485310
852481150
1552055023
1688585604
792544076
1321293263
1698140375
1234278647
816484024
998767459
1158518432
1488457453
1712226437
947250068
1626297895
1635396880
811864468
1338868096
1685724789
1335077309
1000663943
1797589249
868192542
896239381
1656589121
843087566
807123562
1209523833
1684128307
1734469334
812743002
864722742
1413515752
1493640223
1639151562
1448289408
1101488757
1456514990
871000801
1596084579
795669679
1053911882
1295208404
934707791
1321606963
1037257442
1400913255
1310493134
1400443294
1718870395
1355714109
1320897788
1612629712
1806914472
1728515575
1017262987
1145953816
1737505900
1393910002
949742885
1506373723
1159590081
1201519362
1003740295
1013105485
1515258064
1785151563
1721630844
1729805628
1087976173
1270504866
1236635913
1023043911
1720402421
1264470865
1037843734
828294495
1199116037
1530457089
1050484228
1739978794
1580555843
1553155296
1784814681
1707577241
1408116305
1005268404
1195686598
1680565339
1776288703
1348124106
1748719310
1411045045
1728219281
846571409
1089554098
1776785367
1460379333
815208936
898471174
1360643222
1440574165
1420641138
793561449
1621076054
1794398692
1788918969
1075575878
918844728
1115347714
1568924682
892050260
1733907507
921638363
1554845482
1228207743
1085472199
1781241836
1056250043
1523501636
1400600051
1708160471
1468739502
1389027304
1265898750
1751693199
832975333
1044858116
922781491
789222033
1600919481
854739781
1020215743
1773787333
840807190
962783247
1236855701
852974812
1323639569
811430066
1585448042
1419412606
954139584
1138956916
1321525448
1759844683
1092500436
979489723
1755565705
851743382
1634565651
838654843
1109525818
1525942880
1475742418
1340337682
1706427449
1682580023
1003583920
1692249706
1264610831
1063591503
1602777081
931319278
1561002691
1265203628
1350681746
1406143892
1587942999
1710120106
1517868349
1470271169
1138111850
1184644727
1295965723
1242582573
828503473
1656229969
1722620004
1281246009
1566207016
865118823
1067528669
1380882219
1166538949
804969642
1764102927
1262336799
1234481109
1690601533
1087439817
950792282
1055365551
907467846
1395642330
1488149236
1600167446
1354027341
901095206
816374286
1460366721
1697883184
1462555792
1557585683
1687049715
1555411192
1534643807
1625797046
1145510207
1116951808
1161572114
1178890943
1298606172
1063343497
1271568466
1678089574
1195412542
1362653252
1103718131
923724530
1425391300
1520072995
1737903013
1052698404
932141180
1253156488
1602984275
1210718261
1756106854
1516631429
793167616
1078385443
1276674224
1028535336
919878371
926908601
877772650
1449187710
1230906924
1055764559
1741489758
1460271091
1712375459
1127824664
1704285936
1613547247
1558428208
1085650029
1528331634
1026273677
1081870817
1022886601
1330299107
1716495112
1152774001
1733977878
1781937914
1769177226
1307129975
1089381958
1398443097
1475868065
1531502361
876186395
1025875577
1362556689
1439393394
1420051887
891958094
1278504126
952638001
1687632599
1136514529
1633946341
1360703087
843284407
1597525127
1386618447
1773208747
963016524
1677390669
1467897387
1239213941
806581547
1051876931
844202774
1093919931
867617606
1356117894
1062010072
1515382330
1537821322
1183755021
1533121497
1603555745
811719270
1545562675
1661658141
920027562
1654107913
1599775472
1368675947
1752130960
1034552079
1019724942
1035501425
884677113
1587305076
1788033163
1084509215
1530022429
909946858
1508439264
1326739987
1410461384
1422667153
1708497786
1657113801
1461514740
1783780772
1482139684
1695268947
1492800430
920173077
1527345339
1503166040
974709854
968270621
831046358
1637182304
1577716801
1160645070
1667267882
1435264025
1436193257
1574345298
1604588540
1118149477
1013089595
1358266578
817193893
939742837
1138512578
1422581470
1030561288
1060133944
1312363687
1586971353
1596810117
1084629208
1480638943
1039566512
1165801662
1474946513
1353928055
1691007165
979365908
1639663911
1605776471
1048654429
927448001
1514680657
1749934477
879878397
878721286
1070907549
981625232
1093724258
1769662721
1376391068
1117237820
1785132922
1463817341
1089326988
1042358413
1427704246
1361620474
1454936433
988404412
1420873318
1211018669
1306523889
1316343318
1073795907
1727101368
1761027647
1320464733
1734008111
1034419139
1264703408
922536637
1033747430
1121120211
849259219
1479576338
1762644470
1575918973
1722196587
901696651
1097306492
1402632130
1236131864
1016105624
828383257
1368864820
881270554
1442750974
950803558
1006029251
1041642503
1736972793
955221862
1623783860
1313194257
1307205188
1092226088
820322669
1036076590
1605882502
1582691026
1062288936
1447793196
1001946048
1164425263
1459175547
1447865862
1729677990
1727978336
1414622054
930732049
1647041280
1315717182
1022434723
836493999
1400721322
1146669306
1510308926
817366833
1238669608
1782779271
1667542713
934301243
1014615357
1433278665
966542374
1205163256
1457559628
1523215101
1282170078
1428376166
1386916668
1742952601
1438494543
1277166491
987072804
1227617072
1056841836
842202668
1518663665
833768307
1484039144
1034304125
791883430
942946574
1224976194
910329270
1003018694
1172532830
1324075919
1473002804
1161622802
1783924509
1722064575
1037714677
1690995416
847092522
1402626953
1548662578
1337529598
1637631570
1120108348
1139388059
1400978346
1726754237
1628272408
1584240742
1130965458
885966359
1697523348
1742539263
978272653
1045098275
1570808673
977617771
1426169465
849853474
1532207982
1677333564
1682203221
1765262770
1540380845
998337585
1161779531
1176979177
1606835722
1498599783
1330601559
